      fun: 1480.4319902514258
 hess_inv: array([[ 6.18542352e+02, -8.65808667e+00, -2.14309430e+02, ...,
        -2.67722943e-05, -8.13962984e-06,  7.65092721e-02],
       [-8.65808667e+00,  1.12138838e+00,  3.00466780e+00, ...,
         3.75361822e-07,  1.14121950e-07, -1.07267770e-03],
       [-2.14309430e+02,  3.00466780e+00,  7.53730881e+01, ...,
         9.29096403e-06,  2.82474886e-06, -2.65514720e-02],
       ...,
       [-2.67722943e-05,  3.75361822e-07,  9.29096403e-06, ...,
         1.00000000e+00,  9.12113198e-14, -3.31684320e-09],
       [-8.13962984e-06,  1.14121950e-07,  2.82474886e-06, ...,
         9.12113198e-14,  1.00000000e+00, -1.00842603e-09],
       [ 7.65092721e-02, -1.07267770e-03, -2.65514720e-02, ...,
        -3.31684320e-09, -1.00842603e-09,  1.00000948e+00]])
      jac: array([-1.11816406e+00, -7.13623047e-01, -8.59024048e-01,  2.16339905e+02,
        9.76758239e+04, -1.43544006e+00, -4.75006104e-02, -2.93273926e-02,
        2.28077545e+01, -1.41635742e+01, -8.28247070e-02, -1.14584351e+01,
       -3.76739502e-02,  5.06483459e+00,  0.00000000e+00,  0.00000000e+00,
        0.00000000e+00, -1.95599365e+00,  5.89888000e+00,  0.00000000e+00,
        4.06396484e+00,  3.14773560e+00,  0.00000000e+00,  0.00000000e+00,
        1.84631348e-03,  6.45971680e+00, -6.02386475e-01,  6.59355164e+00,
       -9.34748840e+00,  7.24395752e-01,  8.09054565e+00,  0.00000000e+00,
        0.00000000e+00,  8.86747742e+00, -9.97956848e+00,  1.09878082e+01,
       -7.05297852e+00, -8.73115540e+00,  7.14083862e+00,  0.00000000e+00,
        0.00000000e+00,  0.00000000e+00, -6.16740417e+00,  2.09121704e+00,
        0.00000000e+00, -4.76684570e-01, -4.31379700e+00,  0.00000000e+00,
        0.00000000e+00,  0.00000000e+00, -5.10948181e+00,  2.17564392e+00,
       -2.29544067e+00, -6.18286133e-02,  5.27476501e+00, -4.50506592e+00,
        1.21076965e+00,  5.50842285e-03, -3.42727661e-01,  1.48913574e+00,
        9.89151001e-01, -1.70364380e+00,  7.04167175e+00,  1.54461670e+00,
        0.00000000e+00,  5.78376770e+00,  3.12391663e+00,  0.00000000e+00,
        2.93464661e+00,  2.82997131e+00,  5.47349548e+00,  3.05175781e-05,
        4.03002930e+00,  2.63493347e+00,  4.85852051e+00,  0.00000000e+00,
        7.14050293e+00, -1.63838196e+00,  6.54144287e-02,  4.15028381e+00,
        0.00000000e+00,  3.87103271e+00, -5.26840210e-01,  0.00000000e+00,
       -4.97283936e-02,  1.37452698e+00,  0.00000000e+00,  0.00000000e+00,
        7.60803223e-02,  2.32696533e-02, -5.50842285e-03])
  message: 'Desired error not necessarily achieved due to precision loss.'
     nfev: 6912
      nit: 3
     njev: 75
   status: 2
  success: False
        x: array([ 9.84133178e-03, -1.37981774e-04, -3.41530340e-03, -2.51843290e-08,
        1.17409120e-08,  7.69891949e-04, -3.97038688e-03, -3.34800518e-08,
       -3.25464305e-08,  9.53878506e-13, -2.93953002e-14,  7.38233369e-13,
        2.73852493e-15, -3.29089743e-13, -6.18642696e-14, -7.22536599e-14,
       -8.49240943e-14,  1.27940816e-13, -7.24897440e-13,  2.58591411e-13,
       -4.53016736e-13, -2.04762762e-13, -1.23002510e-13, -1.05671607e-13,
        5.53440758e-03, -3.86502371e-13,  4.11185959e-10, -4.26621904e-13,
        6.10836677e-13, -4.72457331e-14, -5.48102077e-13, -1.66754174e-13,
        4.72834320e-17, -5.72465668e-13,  6.45213359e-13, -7.81809334e-13,
        4.90981537e-13,  5.68689720e-13, -6.13978869e-13,  1.88572428e-13,
        0.00000000e+00,  0.00000000e+00,  4.00537664e-13,  2.34027836e-13,
       -2.87178212e-13,  1.69502661e-13,  2.78644422e-13,  1.22674576e-13,
        1.62503241e-13,  0.00000000e+00,  3.29257519e-13, -1.39694279e-13,
        2.85864398e-13,  3.27273753e-15,  4.93918434e-06,  2.92334947e-13,
       -1.83803349e-13, -5.42774322e-14,  2.17378534e-14,  3.34277020e-04,
       -6.42325638e-14,  4.32368726e-14, -8.84487515e-13,  1.16364233e-13,
       -1.73115321e-13, -6.60862984e-13, -2.37121220e-04,  0.00000000e+00,
       -7.37475162e-13, -9.25642545e-14, -3.57962026e-13,  1.14446795e-04,
       -2.21508689e-13, -1.33152916e-04, -8.12170564e-13,  7.95597127e-14,
       -4.65881486e-13, -1.71569117e-13, -4.21710013e-15, -2.67467577e-13,
       -1.53194506e-13, -3.43884938e-13,  3.40466933e-14,  6.73865169e-15,
       -1.13626826e-13, -2.46224758e-05,  0.00000000e+00, -1.60802578e-08,
       -1.27854804e-14, -3.14870994e-15,  1.21924364e-06])
