      fun: 295.3859675580349
 hess_inv: array([[ 0.30553353, -0.10098143, -0.02864714, ...,  0.01663504,
        -0.01115221,  0.00089383],
       [-0.10098143,  0.43679246, -0.12603784, ...,  0.02908158,
        -0.00367333, -0.01183296],
       [-0.02864714, -0.12603784,  0.47337142, ...,  0.01690102,
        -0.01970511,  0.00281678],
       ...,
       [ 0.01663504,  0.02908158,  0.01690102, ...,  0.40698026,
        -0.04728879, -0.08833037],
       [-0.01115221, -0.00367333, -0.01970511, ..., -0.04728879,
         0.31647147, -0.0025126 ],
       [ 0.00089383, -0.01183296,  0.00281678, ..., -0.08833037,
        -0.0025126 ,  0.05234059]])
      jac: array([-9.11914825e-01, -7.80391693e-01, -7.16503143e-01, -8.85318756e-01,
       -1.12421036e+00,  8.85009766e-03,  1.94185638e+00, -1.43302917e-01,
       -2.56399536e+00, -1.51626587e-01, -3.61076355e-01, -3.73136139e+00,
       -8.42655182e-01, -3.94866943e-01, -4.24695969e+00,  3.76651382e+00,
        1.08433075e+01,  1.20650482e+00, -4.88028717e+00,  1.51997757e+00,
        2.25196457e+00, -6.31671906e-01,  9.08668518e-01,  2.63568878e-01,
       -6.33289337e-01,  4.69127655e-01,  3.04069519e-01, -2.62367249e-01,
        2.83432007e-03,  4.08245087e-01, -2.07901001e-03,  9.25140381e-02,
        1.00082397e-01,  3.66600037e-01,  1.22312546e+00,  6.23916626e-01,
        5.31246185e-01,  7.16030121e-01,  4.25819397e-01,  2.38758087e-01,
        8.54667664e-01,  5.44319153e-01, -7.96516418e-01, -5.63194275e-01,
        6.19319916e-01,  9.01527405e-02,  5.93936920e-01,  2.02592087e+00,
        8.33374023e-01,  2.19935989e+00, -2.05707550e-01, -1.81053162e-01,
       -2.39681244e-01, -8.30406189e-01, -1.85069656e+00, -1.81858063e-01,
        2.33832932e+00,  5.25627136e-02, -1.40802383e+00,  1.42064667e+00,
       -4.83371735e-01, -3.44808960e+00, -2.00542450e-01, -4.07273483e+00,
       -9.38456726e+00,  5.92884064e-01,  8.14737320e+00,  9.90142822e-02,
       -3.27367401e+00,  1.51686478e+00,  5.83045959e-01, -2.70797729e-01,
        1.14631271e+00, -8.03680420e-02, -3.56773376e-01,  4.11724091e-01,
        1.10389709e-01, -3.95980835e-01, -1.06101990e-01,  4.78630066e-02,
       -3.39004517e-01, -2.70729065e-01, -8.32633972e-01, -2.41706848e-01,
        3.71246338e-01,  1.26876831e-02,  2.57762909e-01,  4.53060150e-01,
        1.17893219e-01,  1.42242432e-01,  1.17049789e+00,  7.78491974e-01,
       -6.49852753e-01, -4.87316132e-01, -4.95910645e-03, -1.20073700e+00,
        1.65176392e-03,  5.10292053e-01, -2.27710724e-01])
  message: 'Desired error not necessarily achieved due to precision loss.'
     nfev: 15108
      nit: 65
     njev: 151
   status: 2
  success: False
        x: array([-0.02746387,  0.06056048, -0.0152137 , -0.00835731,  0.02295472,
       -0.02067941,  0.02143318, -0.02520857,  0.01227415, -0.01911009,
        0.01547981, -0.01285967,  0.00903772, -0.00940263, -0.00325106,
       -0.02501887,  0.0072948 , -0.0017528 , -0.01187101, -0.0148667 ,
       -0.00704365, -0.00083559, -0.01336881, -0.00547816, -0.0183023 ,
       -0.00148511, -0.01378657,  0.00649858, -0.01326133,  0.00876274,
       -0.01194149,  0.0125613 , -0.00860291,  0.0127156 , -0.00883848,
        0.01041753, -0.00925676,  0.01125637, -0.01001454,  0.00982196,
       -0.00912923,  0.00954867, -0.00878214,  0.00820938, -0.00243302,
        0.02580509,  0.00302203,  0.02594858,  0.00895326, -0.00623051,
       -0.01972074,  0.04646642, -0.04754254,  0.01770243, -0.01908798,
       -0.00283597, -0.00794108, -0.00580271,  0.00613053, -0.00879114,
        0.00470382, -0.01579849,  0.00431799, -0.02709932,  0.01884706,
       -0.00578037,  0.00408604, -0.02246077,  0.01686083, -0.00644435,
        0.01156662, -0.01195275,  0.01208473, -0.00310802,  0.01735018,
        0.00422928,  0.0134133 ,  0.00454869,  0.0119711 ,  0.00728   ,
        0.00987926,  0.00708551,  0.00416531,  0.00624717,  0.00235036,
        0.00874717, -0.00024314,  0.0069472 , -0.00052593,  0.01014447,
        0.00288896,  0.01003593,  0.00507691,  0.01853719,  0.00639338,
        0.00337821,  0.00552557, -0.02184791, -0.00934973])
